1069
909
763
764
300
790
931
752
1864
907
755
567
1094
1662
1696
2013
168
1691
2014
1665
1201
150
534
1495
159
2022
1461
730
502
1654
1230
330
1095
1253
1865
753
1254
1092
308
557
1606
568
550
937
1433
1493
963
2024
1231
160
504
1460
1209
1456
1469
151
707
700
532
216
1711
675
1729
478
1176
688
1972
220
1171
1515
811
1185
1317
1773
1787
610
274
842
1774
617
889
1319
1745
289
626
1719
483
1184
1726
226
1980
1345
219
1728
674
446
1387
1989
819
1179
826
1710
1146
1744
1320
1112
243
1916
412
244
1123
843
844
1316
275
1329
401
1768
1902
250
1757
895
1934
1108
868
1761
857
1792
1302
1164
1958
1500
651
463
1735
1538
1969
499
694
832
1152
667
1509
1932
604
260
409
267
869
1304
635
1903
1100
400
1107
1597
1395
833
834
1968
1530
453
695
1957
668
1196
1506
233
1961
1733
948
1814
977
725
2008
1222
1646
984
528
1489
1670
1214
946
1684
2006
1849
572
1086
581
588
1420
118
1615
120
1088
782
1649
527
2038
2007
1682
518
520
1824
382
947
349
516
186
1223
985
1614
748
121
1283
1045
1846
1870
1246
1410
914
587
1883
741
325
1692
950
1666
1202
2028
1453
2010
957
154
968
1465
1233
2021
1234
1650
1462
165
1805
1039
1099
767
131
1409
793
794
304
1055
599
1293
1860
332
1063
1407
138
1400
2020
1804
732
164
356
538
960
1656
507
1803
197
358
531
1835
1667
1031
1832
152
1268
596
1401
1065
902
761
553
1292
1430
1408
1053
933
1121
270
426
1589
277
1574
884
1580
1779
241
1573
676
212
1947
1520
824
481
1971
1985
1172
640
1723
623
1111
624
1785
1543
1588
276
840
1923
615
427
1722
1948
1528
1970
480
679
1725
825
1941
683
648
1352
458
1194
1399
1355
1990
652
1397
1535
1151
1738
1364
238
836
207
896
298
862
608
630
1308
1753
1337
434
296
1930
853
1557
1765
1937
601
1550
1908
1134
1365
206
808
696
1534
1354
698
1730
806
1192
1965
839
1737
1398
1708
1797
1909
297
1569
1931
1764
1790
1907
255
549
1085
1886
1244
1620
327
929
1875
1888
1616
1272
547
1843
1629
786
1844
170
1645
987
973
1689
345
721
1484
974
148
1470
1642
1828
1479
1680
522
1025
2002
926
328
773
919
125
1041
780
1842
1245
789
1048
1874
1873
375
711
523
1229
1686
1024
386
1478
372
140
943
182
1471
718
1012
