5.163265306122448717e-01
5.244897959183673075e-01
5.290816326530611846e-01
5.000000000000000000e-01
5.102040816326530726e-01
5.025510204081632404e-01
5.142857142857142350e-01
5.107142857142856762e-01
5.086734693877551505e-01
5.224489795918367818e-01
4.994897959183673408e-01
5.091836734693877542e-01
5.290816326530611846e-01
5.142857142857142350e-01
5.163265306122448717e-01
5.265306122448979442e-01
5.209183673469387488e-01
5.076530612244898322e-01
4.964285714285714413e-01
5.051020408163264808e-01
5.096938775510203579e-01
5.066326530612245138e-01
4.852040816326530503e-01
4.918367346938775642e-01
4.969387755102041004e-01
4.928571428571428825e-01
5.010204081632653184e-01
4.959183673469387821e-01
5.030612244897959551e-01
5.244897959183673075e-01
5.091836734693877542e-01
5.454081632653061673e-01
5.193877551020408267e-01
5.239795918367347038e-01
5.045918367346938771e-01
5.096938775510203579e-01
5.239795918367347038e-01
5.204081632653061451e-01
5.168367346938775864e-01
5.285714285714285809e-01
5.107142857142856762e-01
4.948979591836734637e-01
5.147959183673469497e-01
5.153061224489795533e-01
5.071428571428571175e-01
5.188775510204081121e-01
5.132653061224490276e-01
5.372448979591836205e-01
4.984693877551020225e-01
5.392857142857142572e-01
5.040816326530612734e-01
5.239795918367347038e-01
5.234693877551019892e-01
5.015306122448979220e-01
5.198979591836734304e-01
5.255102040816326259e-01
5.224489795918367818e-01
5.137755102040816313e-01
5.147959183673469497e-01
5.418367346938774975e-01
5.183673469387755084e-01
5.127551020408163129e-01
5.198979591836734304e-01
5.127551020408163129e-01
5.204081632653061451e-01
5.107142857142856762e-01
5.346938775510203801e-01
5.142857142857142350e-01
5.112244897959183909e-01
5.071428571428571175e-01
5.020408163265306367e-01
5.270408163265306589e-01
5.270408163265306589e-01
5.392857142857142572e-01
5.086734693877551505e-01
5.280612244897958663e-01
5.122448979591837093e-01
5.341836734693877764e-01
5.280612244897958663e-01
5.270408163265306589e-01
5.204081632653061451e-01
5.051020408163264808e-01
5.219387755102040671e-01
5.188775510204081121e-01
5.387755102040816535e-01
5.112244897959183909e-01
5.178571428571429047e-01
5.316326530612245360e-01
5.137755102040816313e-01
5.270408163265306589e-01
5.081632653061224358e-01
5.096938775510203579e-01
5.122448979591837093e-01
5.311224489795918213e-01
5.270408163265306589e-01
5.193877551020408267e-01
5.433673469387755306e-01
5.086734693877551505e-01
5.469387755102040893e-01
5.494897959183673297e-01
5.234693877551019892e-01
5.316326530612245360e-01
5.392857142857142572e-01
5.438775510204081343e-01
5.265306122448979442e-01
5.448979591836734526e-01
5.117346938775509946e-01
5.158163265306122680e-01
5.377551020408163351e-01
5.392857142857142572e-01
5.341836734693877764e-01
5.377551020408163351e-01
5.204081632653061451e-01
5.515306122448979664e-01
5.188775510204081121e-01
5.142857142857142350e-01
5.091836734693877542e-01
5.438775510204081343e-01
5.556122448979591288e-01
5.683673469387755528e-01
5.632653061224489610e-01
5.642857142857142794e-01
5.448979591836734526e-01
5.367346938775510168e-01
5.367346938775510168e-01
5.295918367346938993e-01
5.362244897959184131e-01
5.102040816326530726e-01
5.341836734693877764e-01
5.188775510204081121e-01
5.285714285714285809e-01
5.658163265306122014e-01
5.918367346938775420e-01
5.433673469387755306e-01
5.494897959183673297e-01
5.714285714285713969e-01
5.770408163265305923e-01
5.377551020408163351e-01
5.479591836734694077e-01
5.622448979591836427e-01
5.729591836734694299e-01
5.959183673469388154e-01
5.500000000000000444e-01
5.734693877551020336e-01
5.658163265306122014e-01
5.408163265306122902e-01
5.408163265306122902e-01
5.331632653061224580e-01
5.275510204081632626e-01
5.530612244897958885e-01
5.622448979591836427e-01
5.392857142857142572e-01
5.489795918367347261e-01
5.382653061224489388e-01
5.311224489795918213e-01
5.255102040816326259e-01
5.418367346938774975e-01
5.484693877551020114e-01
5.403061224489795755e-01
5.484693877551020114e-01
5.510204081632652517e-01
5.403061224489795755e-01
5.321428571428571397e-01
5.295918367346938993e-01
5.392857142857142572e-01
5.642857142857142794e-01
5.607142857142857206e-01
5.403061224489795755e-01
5.505102040816326481e-01
5.341836734693877764e-01
5.321428571428571397e-01
5.392857142857142572e-01
5.382653061224489388e-01
5.423469387755102122e-01
5.474489795918366930e-01
5.637755102040816757e-01
5.494897959183673297e-01
5.561224489795918435e-01
5.443877551020408490e-01
5.295918367346938993e-01
5.285714285714285809e-01
5.183673469387755084e-01
5.341836734693877764e-01
5.474489795918366930e-01
5.586734693877550839e-01
5.438775510204081343e-01
5.576530612244897656e-01
5.505102040816326481e-01
5.428571428571428159e-01
5.494897959183673297e-01
5.469387755102040893e-01
5.005102040816326037e-01
5.515306122448979664e-01
5.219387755102040671e-01
5.433673469387755306e-01
5.413265306122448939e-01
5.505102040816326481e-01
5.336734693877550617e-01
5.295918367346938993e-01
5.056122448979591955e-01
